4437 55 126 0.4365079
3835 31 66 0.4696970
878 28 65 0.4307692
2801 25 61 0.4098361
3019 25 44 0.5681818
3055 22 40 0.5500000
3868 22 42 0.5238095
2793 21 41 0.5121951
841 20 40 0.5000000
3126 20 37 0.5405405
4217 19 44 0.4318182
3091 18 36 0.5000000
4348 17 39 0.4358974
3686 16 17 0.9411765
3089 15 18 0.8333333
3836 15 22 0.6818182
3128 14 34 0.4117647
4289 14 17 0.8235294
3092 13 27 0.4814815
3056 12 26 0.4615385
3129 12 26 0.4615385
3093 10 23 0.4347826
4793 10 15 0.6666667
4755 9 20 0.4500000
987 8 17 0.4705882
2829 8 16 0.5000000
2904 8 18 0.4444444
4792 8 16 0.5000000