32 439 2318 0.1893874
33 439 3236 0.1356613
34 439 3651 0.1202410
35 439 3651 0.1202410
69 439 2257 0.1945060
70 439 3235 0.1357032
71 439 3651 0.1202410
72 439 3651 0.1202410
73 439 3651 0.1202410
106 439 2104 0.2086502
107 439 3177 0.1381807
108 439 3636 0.1207371
109 439 3651 0.1202410
110 439 3651 0.1202410
144 439 2986 0.1470194
145 439 3614 0.1214721
146 439 3651 0.1202410
147 439 3651 0.1202410
181 439 2347 0.1870473
183 439 3645 0.1204390
184 439 3651 0.1202410
294 439 3249 0.1351185
295 439 3597 0.1220461
330 439 2811 0.1561722
331 439 3473 0.1264037
332 439 3631 0.1209033
368 439 3285 0.1336377
477 439 2660 0.1650376
514 439 2701 0.1625324
924 439 3579 0.1226600
961 439 3585 0.1224547
997 439 3411 0.1287013
998 439 3573 0.1228659
1032 439 3105 0.1413849
1034 439 3401 0.1290797
1035 439 3607 0.1217078
1069 439 3181 0.1380069
1070 439 3300 0.1330303
1071 439 3395 0.1293078
1072 439 3634 0.1208035
1104 439 2853 0.1538731
1105 439 3042 0.1443130
1106 439 3151 0.1393209
1107 439 3372 0.1301898
1108 439 3457 0.1269887
1109 439 3614 0.1214721
1142 439 3020 0.1453642
1143 439 3271 0.1342097
1144 439 3433 0.1278765
1145 439 3588 0.1223523
1146 439 3636 0.1207371
1179 439 2829 0.1551785
1180 439 3451 0.1272095
1181 439 3547 0.1237666
1182 439 3651 0.1202410
1183 439 3635 0.1207703
1216 439 3041 0.1443604
1217 439 3490 0.1257880
1218 439 3624 0.1211369
1219 439 3651 0.1202410
1220 439 3651 0.1202410
1252 439 2851 0.1539811
1253 439 3298 0.1331110
1254 439 3612 0.1215393
1255 439 3651 0.1202410
1256 439 3651 0.1202410
1257 439 3651 0.1202410
1289 439 2873 0.1528019
1290 439 3355 0.1308495
1291 439 3651 0.1202410
1292 439 3651 0.1202410
1293 439 3651 0.1202410
1294 439 3651 0.1202410
1323 439 2374 0.1849200
1324 439 2441 0.1798443
1325 439 2604 0.1685868
1326 439 3059 0.1435110
1327 439 3532 0.1242922
1328 439 3651 0.1202410
1329 439 3651 0.1202410
1330 439 3651 0.1202410
1331 439 3651 0.1202410
1359 439 2250 0.1951111
1360 439 2349 0.1868880
1361 439 2430 0.1806584
1362 439 2659 0.1650997
1363 439 3125 0.1404800
1364 439 3594 0.1221480
1365 439 3651 0.1202410
1366 439 3651 0.1202410
1367 439 3651 0.1202410
1368 439 3651 0.1202410
1397 439 2305 0.1904555
1398 439 2517 0.1744140
1399 439 2639 0.1663509
1400 439 3104 0.1414304
1401 439 3599 0.1219783
1402 439 3651 0.1202410
1403 439 3651 0.1202410
1404 439 3651 0.1202410
1405 439 3651 0.1202410
1434 439 2261 0.1941619
1435 439 2538 0.1729708
1436 439 2706 0.1622321
1437 439 3270 0.1342508
1438 439 3607 0.1217078
1439 439 3651 0.1202410
1440 439 3651 0.1202410
1441 439 3651 0.1202410
1442 439 3651 0.1202410
1472 439 2432 0.1805099
1473 439 2863 0.1533357
1474 439 3329 0.1318714
1475 439 3592 0.1222160
1476 439 3650 0.1202740
1477 439 3651 0.1202410
1478 439 3651 0.1202410
1479 439 3651 0.1202410
1509 439 2376 0.1847643
1510 439 2993 0.1466756
1511 439 3307 0.1327487
1512 439 3590 0.1222841
1513 439 3642 0.1205382
1514 439 3651 0.1202410
1515 439 3651 0.1202410
1516 439 3651 0.1202410
1546 439 2529 0.1735864
1547 439 3214 0.1365899
1548 439 3527 0.1244684
1549 439 3619 0.1213042
1550 439 3619 0.1213042
1551 439 3647 0.1203729
1552 439 3651 0.1202410
1553 439 3651 0.1202410
1582 439 2339 0.1876870
1583 439 2729 0.1608648
1584 439 3140 0.1398089
1585 439 3499 0.1254644
1586 439 3607 0.1217078
1587 439 3632 0.1208700
1588 439 3651 0.1202410
1589 439 3651 0.1202410
1590 439 3651 0.1202410
1618 439 2469 0.1778048
1619 439 2694 0.1629547
1620 439 2926 0.1500342
1621 439 2863 0.1533357
1622 439 3110 0.1411576
1623 439 3568 0.1230381
1624 439 3645 0.1204390
1625 439 3651 0.1202410
1626 439 3651 0.1202410
1627 439 3651 0.1202410
1654 439 2233 0.1965965
1655 439 2552 0.1720219
1656 439 2782 0.1578001
1657 439 3193 0.1374883
1658 439 3251 0.1350354
1659 439 3429 0.1280257
1660 439 3624 0.1211369
1661 439 3651 0.1202410
1662 439 3651 0.1202410
1663 439 3651 0.1202410
1664 439 3651 0.1202410
1692 439 2398 0.1830692
1693 439 2754 0.1594045
1694 439 3292 0.1333536
1695 439 3460 0.1268786
1696 439 3618 0.1213378
1697 439 3651 0.1202410
1698 439 3651 0.1202410
1699 439 3651 0.1202410
1700 439 3651 0.1202410
1729 439 2612 0.1680704
1730 439 3140 0.1398089
1731 439 3347 0.1311622
1732 439 3511 0.1250356
1733 439 3623 0.1211703
1734 439 3651 0.1202410
1735 439 3651 0.1202410
1736 439 3651 0.1202410
1766 439 2728 0.1609238
1767 439 3299 0.1330706
1768 439 3353 0.1309275
1769 439 3561 0.1232800
1770 439 3620 0.1212707
1771 439 3632 0.1208700
1772 439 3651 0.1202410
1773 439 3646 0.1204059
1774 439 3650 0.1202740
1775 439 3651 0.1202410
1802 439 2171 0.2022110
1803 439 2523 0.1739992
1804 439 3254 0.1349109
1805 439 3300 0.1330303
1806 439 3375 0.1300741
1807 439 3520 0.1247159
1808 439 3631 0.1209033
1809 439 3651 0.1202410
1810 439 3651 0.1202410
1811 439 3651 0.1202410
1812 439 3648 0.1203399
1838 439 2046 0.2145650
1839 439 2443 0.1796971
1840 439 2882 0.1523248
1841 439 3374 0.1301126
1842 439 3295 0.1332322
1843 439 3304 0.1328692
1844 439 3488 0.1258601
1845 439 3587 0.1223864
1846 439 3651 0.1202410
1847 439 3651 0.1202410
1848 439 3651 0.1202410
1876 439 2615 0.1678776
1877 439 3018 0.1454606
1878 439 3391 0.1294603
1879 439 3411 0.1287013
1880 439 3501 0.1253927
1881 439 3621 0.1212372
1882 439 3608 0.1216741
1883 439 3651 0.1202410
1884 439 3651 0.1202410
1885 439 3651 0.1202410
1886 439 3650 0.1202740
1913 439 2616 0.1678135
1914 439 3022 0.1452680
1915 439 3329 0.1318714
1916 439 3465 0.1266955
1917 439 3553 0.1235576
1918 439 3645 0.1204390
1919 439 3651 0.1202410
1920 439 3651 0.1202410
1921 439 3651 0.1202410
1922 439 3651 0.1202410
1923 439 3651 0.1202410
1950 439 2541 0.1727666
1951 439 3001 0.1462846
1952 439 3241 0.1354520
1953 439 3435 0.1278020
1954 439 3547 0.1237666
1955 439 3651 0.1202410
1956 439 3651 0.1202410
1957 439 3651 0.1202410
1958 439 3651 0.1202410
1959 439 3651 0.1202410
1960 439 3651 0.1202410
1987 439 2510 0.1749004
1988 439 2938 0.1494214
1989 439 3191 0.1375744
1990 439 3430 0.1279883
1991 439 3593 0.1221820
1992 439 3651 0.1202410
1993 439 3651 0.1202410
1994 439 3651 0.1202410
1995 439 3651 0.1202410
1996 439 3651 0.1202410
1997 439 3651 0.1202410
2023 439 2238 0.1961573
2024 439 2503 0.1753895
2025 439 2937 0.1494723
2026 439 3201 0.1371446
2027 439 3426 0.1281378
2028 439 3550 0.1236620
2029 439 3651 0.1202410
2030 439 3651 0.1202410
2031 439 3651 0.1202410
2032 439 3651 0.1202410
2033 439 3651 0.1202410
2034 439 3651 0.1202410
2060 439 2207 0.1989126
2061 439 2533 0.1733123
2062 439 2911 0.1508073
2063 439 3116 0.1408858
2064 439 3395 0.1293078
2065 439 3573 0.1228659
2066 439 3651 0.1202410
2067 439 3651 0.1202410
2068 439 3651 0.1202410
2069 439 3651 0.1202410
2070 439 3651 0.1202410
2071 439 3651 0.1202410
2098 439 2571 0.1707507
2099 439 2857 0.1536577
2100 439 3020 0.1453642
2101 439 3388 0.1295750
2102 439 3586 0.1224205
2103 439 3648 0.1203399
2104 439 3651 0.1202410
2105 439 3651 0.1202410
2106 439 3651 0.1202410
2107 439 3651 0.1202410
2108 439 3651 0.1202410
2135 439 2479 0.1770875
2136 439 2761 0.1590004
2137 439 3041 0.1443604
2138 439 3326 0.1319904
2139 439 3541 0.1239763
2140 439 3642 0.1205382
2141 439 3651 0.1202410
2142 439 3651 0.1202410
2143 439 3651 0.1202410
2144 439 3651 0.1202410
2145 439 3651 0.1202410
2173 439 2646 0.1659108
2176 439 3455 0.1270622
2177 439 3639 0.1206375
2178 439 3651 0.1202410
2179 439 3651 0.1202410
2180 439 3651 0.1202410
2181 439 3651 0.1202410
2182 439 3651 0.1202410
2209 439 2453 0.1789645
2210 439 2629 0.1669836
2213 439 3389 0.1295367
2214 439 3601 0.1219106
2215 439 3651 0.1202410
2216 439 3651 0.1202410
2217 439 3651 0.1202410
2218 439 3651 0.1202410
2219 439 3637 0.1207039
2250 439 3321 0.1321891
2251 439 3563 0.1232108
2252 439 3651 0.1202410
2253 439 3651 0.1202410
2254 439 3651 0.1202410
2255 439 3651 0.1202410
2256 439 3635 0.1207703
2288 439 3550 0.1236620
2289 439 3650 0.1202740
2290 439 3651 0.1202410
2291 439 3651 0.1202410
2292 439 3651 0.1202410
2293 439 3651 0.1202410
2325 439 3518 0.1247868
2326 439 3649 0.1203069
2327 439 3651 0.1202410
2328 439 3651 0.1202410
2329 439 3651 0.1202410
2330 439 3642 0.1205382
2362 439 3462 0.1268053
2363 439 3650 0.1202740
2364 439 3651 0.1202410
2365 439 3651 0.1202410
2366 439 3643 0.1205051
2367 439 3641 0.1205713
2399 439 3326 0.1319904
2400 439 3648 0.1203399
2401 439 3651 0.1202410
2402 439 3651 0.1202410
2403 439 3643 0.1205051
2404 439 3640 0.1206044
2436 439 3264 0.1344975
2437 439 3642 0.1205382
2438 439 3651 0.1202410
2439 439 3651 0.1202410
2440 439 3640 0.1206044
2441 439 3613 0.1215057
2473 439 3192 0.1375313
2474 439 3630 0.1209366
2475 439 3651 0.1202410
2476 439 3651 0.1202410
2477 439 3615 0.1214385
2511 439 3616 0.1214049
2512 439 3651 0.1202410
2513 439 3651 0.1202410
2548 439 3549 0.1236968
2549 439 3651 0.1202410
2550 439 3651 0.1202410
2585 439 3440 0.1276163
2586 439 3651 0.1202410
2587 439 3647 0.1203729
2623 439 3614 0.1214721
3326 439 3617 0.1213713
3363 439 3629 0.1209700
3400 439 3605 0.1217753
3436 439 3604 0.1218091
3437 439 3632 0.1208700
3473 439 3629 0.1209700
3474 439 3636 0.1207371
3510 439 3634 0.1208035
3511 439 3632 0.1208700
3547 439 3640 0.1206044
3548 439 3639 0.1206375
3583 439 3470 0.1265130
3584 439 3637 0.1207039
3585 439 3648 0.1203399
3620 439 3372 0.1301898
3621 439 3628 0.1210033
3622 439 3648 0.1203399
3623 439 3535 0.1241867
3657 439 3411 0.1287013
3658 439 3637 0.1207039
3659 439 3645 0.1204390
3660 439 3556 0.1234533
3695 439 3638 0.1206707
3696 439 3647 0.1203729
3697 439 3606 0.1217415
3731 439 3307 0.1327487
3732 439 3626 0.1210700
3733 439 3647 0.1203729
3734 439 3639 0.1206375
3768 439 3431 0.1279510
3769 439 3618 0.1213378
3770 439 3651 0.1202410
3771 439 3642 0.1205382
3805 439 3146 0.1395423
3806 439 3637 0.1207039
3807 439 3651 0.1202410
3808 439 3651 0.1202410
3841 439 3101 0.1415672
3842 439 3083 0.1423938
3843 439 3604 0.1218091
3844 439 3651 0.1202410
3845 439 3651 0.1202410
3878 439 2764 0.1588278
3879 439 3019 0.1454124
3880 439 3571 0.1229348
3881 439 3651 0.1202410
3882 439 3651 0.1202410
3916 439 3077 0.1426714
3917 439 3576 0.1227629
3918 439 3651 0.1202410
3919 439 3651 0.1202410
3953 439 3347 0.1311622
3954 439 3557 0.1234186
3955 439 3651 0.1202410
3956 439 3651 0.1202410
3957 439 3651 0.1202410
3990 439 3000 0.1463333
3991 439 3566 0.1231071
3992 439 3651 0.1202410
3993 439 3651 0.1202410
3994 439 3651 0.1202410
4027 439 2856 0.1537115
4028 439 3629 0.1209700
4029 439 3651 0.1202410
4030 439 3651 0.1202410
4031 439 3651 0.1202410
4032 439 3622 0.1212038
4065 439 3523 0.1246097
4066 439 3651 0.1202410
4067 439 3651 0.1202410
4068 439 3651 0.1202410
4069 439 3651 0.1202410
4102 439 3421 0.1283251
4103 439 3651 0.1202410
4104 439 3651 0.1202410
4105 439 3651 0.1202410
4106 439 3651 0.1202410
4138 439 3377 0.1299970
4139 439 3579 0.1226600
4140 439 3651 0.1202410
4141 439 3651 0.1202410
4142 439 3651 0.1202410
4143 439 3651 0.1202410
4174 439 3124 0.1405250
4175 439 3592 0.1222160
4176 439 3612 0.1215393
4177 439 3651 0.1202410
4178 439 3651 0.1202410
4179 439 3651 0.1202410
4212 439 3395 0.1293078
4213 439 3651 0.1202410
4214 439 3651 0.1202410
4215 439 3651 0.1202410
4248 439 3009 0.1458956
4249 439 3393 0.1293840
4250 439 3624 0.1211369
4254 439 3651 0.1202410
4286 439 3070 0.1429967
4290 439 3650 0.1202740
4291 439 3651 0.1202410
4325 439 3241 0.1354520
4326 439 3651 0.1202410
4327 439 3651 0.1202410
4328 439 3651 0.1202410
4362 439 3400 0.1291176
4363 439 3651 0.1202410
4364 439 3651 0.1202410
4365 439 3651 0.1202410
4402 439 3651 0.1202410
4439 439 3651 0.1202410
4475 439 3651 0.1202410
4476 439 3651 0.1202410
4510 439 3589 0.1223182
4512 439 3651 0.1202410
4513 439 3651 0.1202410
4547 439 3596 0.1220801
4584 439 3539 0.1240463
4585 439 3645 0.1204390
4624 439 3650 0.1202740
4770 439 3616 0.1214049
4807 439 3575 0.1227972
4844 439 3567 0.1230726
4881 439 3514 0.1249289
4918 439 3528 0.1244331
4955 439 3594 0.1221480
4991 439 2903 0.1512229
4992 439 3559 0.1233493
5028 439 2988 0.1469210
5029 439 3595 0.1221140
5065 439 2849 0.1540892
5066 439 3637 0.1207039
5101 439 2270 0.1933921
5102 439 3004 0.1461385
5103 439 3641 0.1205713
5138 439 2341 0.1875267
5139 439 3364 0.1304994
5140 439 3646 0.1204059
5175 439 2060 0.2131068
5176 439 3428 0.1280630
5177 439 3647 0.1203729
5178 439 3633 0.1208368
5213 439 2999 0.1463821
5214 439 3638 0.1206707
5215 439 3646 0.1204059
5251 439 3549 0.1236968
5252 439 3646 0.1204059
5286 439 2177 0.2016537
5287 439 2943 0.1491675
5288 439 3622 0.1212038
5289 439 3651 0.1202410
5323 439 2355 0.1864119
5324 439 3195 0.1374022
5325 439 3641 0.1205713
5326 439 3651 0.1202410
1986 438 2209 0.1982798
2097 438 2184 0.2005495
2957 438 3490 0.1255014
3546 438 3446 0.1271039
3949 438 2064 0.2122093
4769 438 3295 0.1329287
995 437 2998 0.1457638
1321 437 2088 0.2092912
1322 437 2144 0.2038246
1358 437 2033 0.2149533
2624 437 3566 0.1225463
3694 437 3283 0.1331100
3987 437 2186 0.1999085
1286 436 2197 0.1984524
1765 436 2122 0.2054665
1912 436 2163 0.2015719
1949 436 2161 0.2017584
3586 436 3363 0.1296461
4137 436 2891 0.1508129
4954 436 2922 0.1492129
5250 436 2477 0.1760194
257 435 3058 0.1422498
1287 435 2380 0.1827731
1288 435 2580 0.1686047
2134 435 2211 0.1967436
2172 435 2434 0.1787182
2246 435 2351 0.1850276
3289 435 3608 0.1205654
3399 435 3595 0.1210014
3509 435 3461 0.1256862
4806 435 3190 0.1363636
4917 435 3074 0.1415094
5064 435 2158 0.2015755
5141 435 3597 0.1209341
36 434 3633 0.1194605
996 434 3157 0.1374723
1251 434 2524 0.1719493
1396 434 2026 0.2142152
1432 434 1999 0.2171086
3252 434 3640 0.1192308
292 433 2242 0.1931311
739 433 2607 0.1660913
1033 433 3091 0.1400841
1067 433 2610 0.1659004
1103 433 2429 0.1782627
1284 433 1997 0.2168252
2287 433 3187 0.1358644
3362 433 3569 0.1213225
4285 433 2920 0.1482877
4509 433 3271 0.1323754
182 432 2918 0.1480466
960 432 3323 0.1300030
2175 432 3191 0.1353808
2283 432 2275 0.1898901
2478 432 3534 0.1222411
2510 432 3079 0.1403053
2514 432 3549 0.1217244
2515 432 3514 0.1229368
2551 432 3530 0.1223796
2552 432 3531 0.1223449
2588 432 3525 0.1225532
2589 432 3522 0.1226576
2883 432 3487 0.1238887
2920 432 3465 0.1246753
2994 432 3393 0.1273210
3031 432 3377 0.1279242
3068 432 3351 0.1289167
3920 432 3589 0.1203678
4472 432 3266 0.1322719
1031 431 2813 0.1532172
1068 431 2784 0.1548132
1581 431 1892 0.2278013
2059 431 2029 0.2124199
2174 431 2910 0.1481100
2661 431 3548 0.1214769
3105 431 3284 0.1312424
3142 431 3232 0.1333540
3883 431 3570 0.1207283
3952 431 2219 0.1942316
5104 431 3600 0.1197222
5327 431 3579 0.1204247
1395 430 1946 0.2209661
1471 430 2083 0.2064330
1690 430 2044 0.2103718
1691 430 2150 0.2000000
1728 430 2051 0.2096538
1849 430 3626 0.1185880
2247 430 2438 0.1763741
3179 430 3150 0.1365079
4323 430 2941 0.1462088
4695 430 3254 0.1321451
850 429 3381 0.1268855
887 429 3487 0.1230284
1030 429 2544 0.1686321
1727 429 1904 0.2253151
2208 429 2238 0.1916890
3253 429 3200 0.1340625
4136 429 2539 0.1689642
4211 429 2799 0.1532690
4623 429 3603 0.1190674
4732 429 3157 0.1358885
5067 429 3569 0.1202017
329 428 2175 0.1967816
812 428 2912 0.1469780
2022 428 1995 0.2145363
4548 428 3562 0.1201572
369 427 3432 0.1244172
813 427 3198 0.1335210
958 427 2880 0.1482639
2171 427 2207 0.1934753
3216 427 3133 0.1362911
3327 427 3095 0.1379645
3549 427 3371 0.1266686
994 426 2672 0.1594311
1141 426 2398 0.1776480
2625 426 3502 0.1216448
2662 426 3498 0.1217839
3067 426 3605 0.1181692
3290 426 3065 0.1389886
3472 426 3415 0.1247438
3767 426 2696 0.1580119
886 425 3143 0.1352211
1875 425 2112 0.2012311
1985 425 1915 0.2219321
2245 425 2206 0.1926564
2282 425 2177 0.1952228
2547 425 3024 0.1405423
2626 425 3495 0.1216023
2699 425 3443 0.1234389
2736 425 3397 0.1251104
2773 425 3386 0.1255168
4843 425 3125 0.1360000
4845 425 3583 0.1186157
4880 425 3115 0.1364366
922 424 3037 0.1396115
1214 424 2437 0.1739844
1726 424 1801 0.2354248
2663 424 3487 0.1215945
2700 424 3421 0.1239404
2737 424 3391 0.1250369
2810 424 3364 0.1260404
2847 424 3327 0.1274421
4658 424 3328 0.1274038
5290 424 3547 0.1195376
293 423 2453 0.1724419
959 423 3056 0.1384162
2096 423 2017 0.2097174
2212 423 3036 0.1393281
2361 423 2970 0.1424242
2774 423 3285 0.1287671
2884 423 3288 0.1286496
3141 423 3608 0.1172395
3178 423 3595 0.1176634
3846 423 3374 0.1253705
3958 423 3323 0.1272946
849 422 2997 0.1408075
1247 422 1864 0.2263948
2320 422 2144 0.1968284
2735 422 3495 0.1207439
2811 422 3157 0.1336712
2846 422 3494 0.1207785
2919 422 3583 0.1177784
2921 422 3217 0.1311781
3215 422 3525 0.1197163
4622 422 3557 0.1186393
4733 422 3578 0.1179430
367 421 2013 0.2091406
1433 421 1889 0.2228692
2284 421 2284 0.1843257
2398 421 2859 0.1472543
2809 421 3470 0.1213256
3030 421 3590 0.1172702
3104 421 3580 0.1175978
3364 421 3051 0.1379875
3512 421 3119 0.1349792
4621 421 3271 0.1287068
2324 420 3034 0.1384311
2956 420 3584 0.1171875
4099 420 2410 0.1742739
4511 420 3556 0.1181102
4956 420 3540 0.1186441
923 419 3223 0.1300031
957 419 2499 0.1676671
1689 419 1684 0.2488124
1948 419 1879 0.2229910
2211 419 2729 0.1535361
2882 419 3578 0.1171045
3325 419 3536 0.1184955
1215 418 2472 0.1690939
2622 418 3323 0.1257899
2698 418 3495 0.1195994
2772 418 3484 0.1199770
2848 418 3049 0.1370941
2993 418 3574 0.1169558
3288 418 3510 0.1190883
4661 418 3566 0.1172182
4771 418 3538 0.1181458
406 417 3252 0.1282288
2660 417 3508 0.1188712
4064 417 2294 0.1817786
1701 416 3582 0.1161362
2885 416 2988 0.1392236
4587 416 3566 0.1166573
4696 416 3581 0.1161687
5027 416 2135 0.1948478
221 415 2987 0.1389354
993 415 2360 0.1758475
3401 415 2968 0.1398248
3438 415 3010 0.1378738
4882 415 3549 0.1169343
2249 414 2876 0.1439499
2584 414 3005 0.1377704
1249 413 1975 0.2091139
1911 413 1798 0.2296997
2248 413 2614 0.1579954
2435 413 2781 0.1485077
3804 413 2442 0.1691237
1250 412 2116 0.1947070
2697 412 3502 0.1176471
2845 412 3545 0.1162200
3475 412 2952 0.1395664
4322 412 2877 0.1432047
5030 412 3512 0.1173121
919 411 2152 0.1909851
921 411 2660 0.1545113
1029 411 2116 0.1942344
2133 411 1996 0.2059118
2621 411 2992 0.1373663
2734 411 3505 0.1172611
2958 411 3072 0.1337891
405 410 2871 0.1428074
513 410 1946 0.2106886
992 410 2043 0.2006853
1065 410 1955 0.2097187
1066 410 2212 0.1853526
1545 410 1849 0.2217415
1738 410 3477 0.1179177
2207 410 1967 0.2084392
2285 410 2522 0.1625694
2771 410 3482 0.1177484
2807 410 3458 0.1185656
2922 410 3006 0.1363939
3251 410 3485 0.1176471
3730 410 2720 0.1507353
4808 410 3501 0.1171094
1102 409 2022 0.2022750
2808 409 3479 0.1175625
3435 409 3321 0.1231557
476 408 1894 0.2154171
4061 408 2162 0.1887142
4659 408 3511 0.1162062
4993 408 3496 0.1167048
2881 407 3472 0.1172235
2955 407 3472 0.1172235
3398 407 3373 0.1206641
291 406 1896 0.2141350
2319 406 1963 0.2068263
2992 406 3483 0.1165662
3995 406 3242 0.1252313
4550 406 3521 0.1153082
440 405 1848 0.2191558
956 405 2072 0.1954633
2844 405 3445 0.1175617
2918 405 3460 0.1170520
4173 405 2492 0.1625201
776 404 2666 0.1515379
885 404 2811 0.1437211
3214 404 3481 0.1160586
3915 404 2035 0.1985258
4359 404 2766 0.1460593
5216 404 3356 0.1203814
3066 403 3476 0.1159379
5253 403 3402 0.1184597
2170 402 1947 0.2064715
4919 402 3428 0.1172695